#============================================== Initial parameters ============================================= 
#RAD(arcs) VROT(km/s) DISP(km/s) INC(deg)   P.A.(deg)  Z0(arcs)   SIG(E20)   XPOS(pix)  YPOS(pix)  VSYS(km/s) 
0.000      100.000    10.000     70.000     30.000     30.000     10.000     25.500     25.500     0.000      
20.000     100.000    10.000     70.000     30.000     30.000     10.000     25.500     25.500     0.000      
40.000     100.000    10.000     70.000     30.000     30.000     10.000     25.500     25.500     0.000      
60.000     100.000    10.000     70.000     30.000     30.000     10.000     25.500     25.500     0.000      
80.000     100.000    10.000     70.000     30.000     30.000     10.000     25.500     25.500     0.000      
100.000    100.000    10.000     70.000     30.000     30.000     10.000     25.500     25.500     0.000      
120.000    100.000    10.000     70.000     30.000     30.000     10.000     25.500     25.500     0.000      
140.000    100.000    10.000     70.000     30.000     30.000     10.000     25.500     25.500     0.000      
160.000    100.000    10.000     70.000     30.000     30.000     10.000     25.500     25.500     0.000      
180.000    100.000    10.000     70.000     30.000     30.000     10.000     25.500     25.500     0.000      
200.000    100.000    10.000     70.000     30.000     30.000     10.000     25.500     25.500     0.000      
220.000    100.000    10.000     70.000     30.000     30.000     10.000     25.500     25.500     0.000      
